ARB=[ 0.7052 -0.3749 0.6018; 

0.5546 0.8205 -0.1387; 

-0.4418 0.4316 0.7865]; 

 

ATB=[ 0.7052 -0.3749 0.6018 646.9; 

0.5546 0.8205 -0.1387 103.8; 
-0.4418 0.4316 0.7865 -329.7; 

0 0 0 1]; 

 

%% Excercise 1.1 

AV1= [2;5;7]; 

AP1= [53;15;-35;1]; 

BV1 = inv(ARB)*AV1 

BP1 = inv(ATB)*AP1 

 

%% Excercise 1.2 

AV1= [2;5;7]; 

AP1= [10;-40;25;1]; 

BV1 = inv(ARB)*AV1 

BP1 = inv(ATB)*AP1 

 

 

%% Exercise 2


UTA = [0.866 -0.5 0 11;0.5 0.866 0.0 -1.0;0.0 0.0 1.0 8.0;0 0 0 1]
BTA =[1.0 0.0 0.0 0.0;0.0 0.866 -0.5 10.0;0.0 0.5 0.866 20.0;0 0 0 1]
CTU = [0.866 -0.5 0.0 -3.0;0.433 0.75 -0.5 -3.0;0.25 0.433 0.866 3.0; 0 0 0 1]
 
BTC=BTA*inv(UTA)*inv(CTU)

